[Inclinesensor]
YP_Lin.Angle=0.0000000000E+000
YP_Lin.Factor=1.0000000000E+000
YM_Lin.Angle=0.0000000000E+000
YM_Lin.Factor=1.0000000000E+000
XP_Lin.Angle=0.0000000000E+000
XP_Lin.Factor=1.0000000000E+000
XM_Lin.Angle=0.0000000000E+000
XM_Lin.Factor=1.0000000000E+000
Offset=0
Mode=0
YMax=15000
XMax=15000
Y0=0
X0=0
Port=0
Type=0
